STARLINK-G10-17 STACK   
1 72000C 25235A   25292.78050232  .00027231  00000+0  42534-4 0    02
2 72000  53.1627 190.3482 0005943 304.6461 330.7912 16.03260213    17
STARLINK-G10-17 SINGLE  
1 72001C 25235B   25292.78050232  .01407300  00000+0  21376-2 0    02
2 72001  53.1626 190.3482 0006002 302.8765 332.5602 16.03267161    16
STARLINK-G11-19 STACK   
1 72000C 25236A   25292.85019630  .00119860  00000+0  18913-3 0    01
2 72000  53.1650  49.4535 0008146 260.7499  98.9138 16.03026668    14
STARLINK-G11-19 SINGLE  
1 72001C 25236B   25292.85019630  .01497600  00000+0  22991-2 0    04
2 72001  53.1648  49.4535 0008198 262.4535  97.2094 16.03027315    12
STARLINK-G11-5 STACK    
1 72000C 25237A   25295.63656389  .00117540  00000+0  17941-3 0    02
2 72000  53.1644 335.2584 0007716 240.8501 118.9498 16.03587747    14
STARLINK-G11-5 SINGLE   
1 72001C 25237B   25295.63656389  .01420700  00000+0  21136-2 0    09
2 72001  53.1643 335.2584 0007663 240.4108 119.3891 16.03582918    11
STARLINK-G11-5B1 STACK  
1 72000C 25237A   25295.66318426  .00117720  00000+0  17969-3 0    02
2 72000  53.1644 344.8680 0007715 240.8590 118.9408 16.03587800    15
STARLINK-G11-5B1 SINGLE 
1 72001C 25237B   25295.66318426  .01425900  00000+0  21210-2 0    09
2 72001  53.1643 344.8680 0007647 240.7201 119.0797 16.03583440    16
STARLINK-G11-5B2 STACK  
1 72000C 25237A   25295.66619352  .00117740  00000+0  17972-3 0    00
2 72000  53.1644 345.9543 0007715 240.8600 118.9398 16.03587807    12
STARLINK-G11-5B2 SINGLE 
1 72001C 25237B   25295.66619352  .01426600  00000+0  21220-2 0    00
2 72001  53.1643 345.9543 0007645 240.7557 119.0442 16.03583508    10
STARLINK-G11-5B3 STACK  
1 72000C 25237A   25295.70369352  .00118080  00000+0  18023-3 0    03
2 72000  53.1644 359.4912 0007715 240.8718 118.9280 16.03587898    12
STARLINK-G11-5B3 SINGLE 
1 72001C 25237B   25295.70369352  .01436400  00000+0  21360-2 0    01
2 72001  53.1643 359.4912 0007631 241.1970 118.6026 16.03584495    18
STARLINK-G11-5B4 STACK  
1 72000C 25237A   25295.72904074  .00118330  00000+0  18061-3 0    01
2 72000  53.1644   8.6412 0007715 240.8791 118.9207 16.03587964    14
STARLINK-G11-5B4 SINGLE 
1 72001C 25237B   25295.72904074  .01443700  00000+0  21465-2 0    06
2 72001  53.1643   8.6412 0007628 241.4848 118.3146 16.03585261    11
STARLINK-G11-5B5 STACK  
1 72000C 25237A   25295.72996667  .00118340  00000+0  18062-3 0    02
2 72000  53.1644   8.9755 0007715 240.8794 118.9204 16.03587967    10
STARLINK-G11-5B5 SINGLE 
1 72001C 25237B   25295.72996667  .01444000  00000+0  21469-2 0    03
2 72001  53.1643   8.9755 0007627 241.4950 118.3044 16.03585290    16
STARLINK-G11-5B6 STACK  
1 72000C 25237A   25295.73367037  .00118370  00000+0  18068-3 0    05
2 72000  53.1644  10.3125 0007715 240.8804 118.9194 16.03587976    18
STARLINK-G11-5B6 SINGLE 
1 72001C 25237B   25295.73367037  .01445100  00000+0  21485-2 0    07
2 72001  53.1643  10.3125 0007627 241.5356 118.2638 16.03585406    12
STARLINK-G11-5B7 STACK  
1 72000C 25237A   25295.75195741  .00118550  00000+0  18094-3 0    07
2 72000  53.1645  16.9138 0007715 240.8852 118.9146 16.03588024    10
STARLINK-G11-5B7 SINGLE 
1 72001C 25237B   25295.75195741  .01450300  00000+0  21560-2 0    02
2 72001  53.1643  16.9138 0007629 241.7284 118.0710 16.03585982    10
STARLINK-G11-5B8 STACK  
1 72000C 25237A   25295.77093889  .00118710  00000+0  18120-3 0    07
2 72000  53.1645  23.7659 0007715 240.8899 118.9100 16.03588071    17
STARLINK-G11-5B8 SINGLE 
1 72001C 25237B   25295.77093889  .01455400  00000+0  21632-2 0    00
2 72001  53.1643  23.7659 0007632 241.9129 117.8864 16.03586575    14
